Ξῗῗ1,002239
1,002153

 

 

ᾺᾺᾺῌᾺΗᾺΗἈΗκΗΗΜΗᾺΗν-ηκν-ικ
usa-0 Ψ

ι-η

Z} 1,000293

⁸4&ss ) 25³ ( ἓέὲ·

2

 

17

 

16
16
16
16
16
16

,002066
‚001980
‚001895
001811
,001728

 

 

 

 

τ 00 ¹404 Ῑ
,001326 15
,001250
,001175
,001102
,001031
,000961
,000893
,000827
,000763
,000702 11
,000642 11
,000585 11
,000530 10
,000478 10

‚000427 9

14
14
14
13
13
Ι3
12
12

 

 

 

 

 

 

 

,000380 9
’0 0335 8
8

 

 

 

 

171 6¹¹
55
49
41
31
21

 

 

Η

 

Η

 

56
42
27
11

 

53
35
15
54

33
10

46

56
30

 

 

 

Η

 

 

 

35

ΟΝ

 

 

r

 

1‚003284

1, 003544
1,003802
1,004060
1, 0043 14
2 004567
‚004717
,004065
[,005308
‚005550
Σ,005788
,006022
1,006250
,006474
1,006694

,006989
1,007117.
,007321

,007518
,007710
1‚00789⁵
,008074

,008245
1‚008410
1,008567

